Average fitness per gen over 50 runs - Bent Cigar
0.010285032555012593
0.0346026657672468
0.05148218583852089
0.10643794709478963
0.20926838279933457
0.345113488451438
0.6620356023669197
0.8501194758116154
1.1349764750277538
1.427165606518936
1.86778969030032
2.144969589347014
2.415878803813355
2.8739298021161312
3.251170983718892
3.6107868871745366
4.089327688495643
4.383296409287713
4.672713767394294
5.0271794863561245
5.319095889404235
5.544912377663227
5.91023629636179
6.223797536069401
6.490678976984157
6.760018218322132
6.9938466092585
7.267869037752465
7.458238566388406
7.655240427554779
7.911423170588488
8.068897619994587
8.220872209600198
8.37449962343392
8.502540849545461
8.607724296394256
8.791738958895046
8.898351156313174
8.972024229343912
9.023672980126642
9.097740023550003
9.21164420771767
9.274872418767906
9.323589987955918
9.360720599108028
9.41308417507281
9.455814376838019
9.493633365595972
9.523271787228934
9.564817889221807
9.593960386374238
9.622372829740735
9.654655950868499
9.683668566442607
9.711325615348114
9.727990243813823
9.745172655366403
9.7619931405548
9.768730968862073
9.781057897768502
9.794937026232457
9.803712494580848
9.809419794601633
9.812016921458396
9.816435520200134
9.82689072744481
9.835642477667662
9.847384534382947
9.851611903592087
9.873909921811801
9.895886087946598
9.899343801974961
9.911597528017518
9.915032285491575
9.91765734745534
9.920680922559896
9.925725258849285
9.931364537437913
9.933452965711743
9.936815795581087
9.937371935418149
9.939025205077568
9.94080864507249
9.941174635395424
9.941253834242062
9.943359825566889
9.94705063479739
9.947484277774898
9.948407239085912
9.950560596875652
9.957307281807644
9.958643512983127
9.959686802798183
9.960191580530736
9.962068581889628
9.964992008354383
9.965542329716351
9.966531630100814
9.966708457116914
9.967327780566073
9.969135426818577
9.969918251303437
9.970284186243186
9.970976276133806
9.9712453277037
9.9712936296279
9.972554565122488
9.97311732853561
9.97352517882253
9.97382636913541
9.974105621831512
9.977699422862043
9.977824252523336
9.97835645304855
9.97853858490308
9.978772422412302
9.979140621627538
9.979245210689172
9.979532338539684
9.979551023450291
9.98003275874958
9.980263033016556
9.98040808138721
9.980755011310933
9.981333657797574
9.981341158443115
9.981393688794515
9.981681006075526
9.981741812618743
9.981750171308255
9.981750171308255
9.981750171308255
9.981966684081222
9.981986561234672
9.982134110428486
9.982283050190647
9.982371925237564
9.982424953766948
9.982438884839185
9.982626175730402
9.982747704848657
9.982819643595704
9.983067844410497
9.98321872222494
9.983306172203957
9.983613574239582
9.983649696315403
9.98378716619079
9.985197749126861
9.985208219180116
9.985238191635204
9.985424623421325
9.985553427858745
9.987665316257296
9.987678498991013
9.987732017043077
9.987743219143262
9.987831472862304
9.988110464541915
9.988223943674349
9.988228507249442
9.988275252468586
9.988275252468586
9.988300119567901
9.988523964213927
Average fitness per gen over 50 runs - Schaffers
0.002797822140928803
0.010665079440505211
0.019006045533963626
0.0319247451092128
0.06797178139781057
0.11722130784657227
0.15283737464720035
0.18619785319007043
0.20699897046129703
0.2609281595556221
0.31567543448734486
0.4064046117233158
0.4840308262315529
0.5605384121147473
0.6677952732532703
0.7548368582544198
0.9757041304897723
1.1395774736545696
1.2714955309329947
1.4555898174025472
1.5567637364336289
1.7187128530289448
1.8389559824978443
1.96273212203604
2.163125188355459
2.414792886858046
2.6338352935566434
2.7561981580999197
2.8741818343860523
3.083510621095601
3.2879926801053023
3.52983349512801
3.768858828722191
3.90846984988712
4.192885449401905
4.301660096067745
4.564239376491988
4.757264348860328
4.923065209756697
5.107948992563726
5.23669613869739
5.403961574822509
5.5340878618647205
5.6975555959091215
5.8667727518438895
6.030599456114155
6.13064761017352
6.281707422107171
6.386080713782827
6.540203673357606
6.624257816050926
6.815157055255214
6.938480434019688
7.050989815359693
7.144974885533339
7.2301625284824045
7.304308765859453
7.411850001086327
7.510605462385422
7.619554929076486
7.734895436950294
7.814489665090175
7.8764142417090115
7.937358610265927
8.001313411295115
8.038654578081985
8.088375825997849
8.133321116069148
8.222545324791076
8.281327410185684
8.322326845784952
8.39941026351537
8.445449762834818
8.501046160045874
8.53371871530659
8.597725932748965
8.674132401580232
8.71873227640907
8.775413679758028
8.824514016015844
8.864530098475887
8.891001320648755
8.925369690482864
8.957519996438746
8.985023336851475
9.014330987461726
9.037433357468737
9.080438620686524
9.100091860314471
9.120676474691782
9.14418366999816
9.172700401563903
9.19875374340269
9.216455336716374
9.235784941207802
9.262460822284954
9.30365995552993
9.324638455762857
9.340087684481007
9.352740350541726
9.36591910477948
9.380645185910245
9.395237121827197
9.402270787827467
9.418230746110469
9.428781402477917
9.451283889982216
9.458708643602051
9.46669134241204
9.486847186410495
9.497268310701399
9.514548262584922
9.528664134259413
9.537985624253583
9.546752145905185
9.561715071511074
9.569893490906525
9.577033495396327
9.58347416877349
9.599134197776896
9.608397044389088
9.615175765735815
9.62438239156338
9.627954845947595
9.631670879000266
9.645975098868046
9.649682432420756
9.657134594660018
9.663006225838439
9.672501976826736
9.675258394739194
9.6791512181972
9.681673192526713
9.68512769818626
9.687550411290385
9.689214249361797
9.69132493951889
9.691743124136806
9.693581202031943
9.69841669487819
9.702444148080266
9.706110362355748
9.711969266605884
9.714349811758336
9.714921940259117
9.716880947940298
9.718904938531484
9.722786456717202
9.725739183407056
9.730573944628286
9.731264609001924
9.732595469008682
9.733134643286213
9.734062790744343
9.737223598017279
9.740014262308323
9.741662279284775
9.743675247980802
9.748492198873146
9.748536046020002
9.750700338890136
9.751637051738777
9.754570522138884
9.756668791758662
9.758568478430115
9.760007021679998
9.760889991916205
9.763978934215588
9.7650192220778
9.765585792426647
9.767571173944132
9.770014357625648
9.77072636581109
9.772820446379626
9.77446994389206
9.77562223201376
9.775860413003109
9.777531903447654
9.780938592470665
9.781653469168074
9.782144116735823
9.7826918949321
9.78308145376244
9.783082365779086
9.783557574561831
9.783784795981601
9.784194684079965
9.784525291852677
9.784525291852677
9.784525291852677
9.784691484986876
9.785059125149592
9.78660370320511
9.787976810748424
9.787976810748424
9.788411953368646
9.789026690014802
9.789323669869265
9.789687522887071
9.790226844897195
9.791062583968632
9.791874293118696
9.79260916154863
9.793140929833113
9.793140929833113
9.793803475612313
9.793934648187548
9.793934648187548
9.794501224089938
9.795067994894488
9.795704449506673
9.796848414660312
9.797753905222516
9.799412646763425
9.79994732715371
9.80115137362142
9.80115137362142
9.80140790804186
9.801688252968118
9.802499760456781
9.803816798586848
9.804567128153666
9.805278445010073
9.805278445010073
9.805312526446068
9.80546119854915
9.80623521842158
9.806937126965048
9.807099810219073
9.80718985043825
9.807194250234112
9.807799748164824
9.807857177039399
9.807983848693562
9.808309095870017
9.808603207930378
9.808641076674698
9.808641076674698
9.808972190417293
9.810200465554162
9.810437867609469
9.81066752497148
9.810945238578471
9.812222225641898
9.812647810137237
9.812973249653941
9.813868622848327
9.813941434964295
9.814431594910715
9.814701330249614
9.81568197626829
9.815894052683918
9.815925495161899
9.815985917327644
9.816363999830482
9.816398000615123
9.816558126747527
9.816896583656314
9.81754946155407
9.817577435209433
9.818074451949837
9.818074451949837
9.818191119968931
9.818294446726496
9.818419592714807
9.8189363822843
9.819039722907455
9.820126839936274
9.820493519952832
9.820856346988439
9.820866230592868
9.820866230592868
9.821012148057806
9.821574536354902
9.82229115625839
9.822569366425387
9.822833589262576
9.823124929749754
9.82339816081926
9.823543631176522
9.82373844421464
9.82373844421464
9.823885998152308
9.823991739265438
9.824618936234147
9.824618936234147
9.824736328372815
9.824736328372815
9.824736328372815
9.824785704261394
9.824785704261394
9.824863524227922
9.825704256132823
9.826219323881071
9.826762180326224
9.827010400888321
9.827171498713978
9.827171498713978
9.827171498713978
9.827365834637567
9.827365834637567
9.827365834637567
9.827365834637567
9.827365834637567
9.827468281731637
9.827468281731637
9.827747269756717
9.828378480245577
9.828378480245577
9.828378480245577
9.828660819076568
9.82868220250715
9.82868220250715
9.82868220250715
9.828805328174157
9.828805328174157
9.828805328174157
9.828923937551856
9.828923937551856
9.828923937551856
9.829302929143589
9.829302929143589
9.829302929143589
9.829302929143589
9.829311210597714
9.829731004949032
9.829862974074336
9.829932677989692
9.830206596563675
9.831017705810666
9.831250843645488
9.831250843645488
9.831369882079047
9.831369882079047
9.831369882079047
9.831369882079047
9.83137140847736
9.831522497499305
9.831522497499305
9.831805797438308
9.831805797438308
9.832209509312339
9.832209509312339
9.832209509312339
9.832636131938836
9.832940888941614
9.832940888941614
9.832940888941614
9.833088821396865
9.833698952090447
9.833716770171005
9.833949957566771
9.833949957566771
9.833949957566771
9.833949957566771
9.833949957566771
9.83412016372749
9.8352006433592
9.835423008405066
9.835444188144132
9.83558144080965
9.835750205783798
9.836216411726726
9.836575010385058
9.836826309547504
9.836826309547504
9.836826309547504
9.836826309547504
9.836893710851934
9.836893710851934
9.836893710851934
9.836893710851934
9.836893710851934
9.837235931720732
9.837311816988295
9.837311816988295
9.837311816988295
9.837311816988295
9.837311816988295
9.837311816988295
9.83753829457205
9.837550532762494
9.837620978255375
9.837621461075853
9.837886443322862
9.838528606258244
9.83870492352993
9.83870492352993
9.8391620112476
9.8391620112476
9.839457298442747
9.839457298442747
9.840001039181738
9.840001039181738
9.840001039181738
9.840001039181738
9.840051903572618
9.840051903572618
9.840237591506083
9.840237591506083
9.840237591506083
9.840260475929425
9.840260475929425
9.840260475929425
9.840660390787566
9.840734731193614
9.840734731193614
9.840734731193614
9.840734731193614
9.840734731193614
9.840847420186432
9.840847420186432
9.841142077313215
9.841142077313215
9.841309602716985
9.841309602716985
9.841309602716985
9.841309602716985
9.841309602716985
9.84183317204041
9.841970738907001
9.841970738907001
9.841970738907001
9.841970738907001
9.841970738907001
9.841970738907001
9.841970738907001
9.842101769235994
9.842101769235994
9.842101769235994
9.842515501216335
9.842800170612465
9.842800170612465
9.843199800038116
9.84344644495614
9.84344644495614
9.843548872037394
9.843879813422198
9.843879813422198
9.843879813422198
9.843879813422198
9.843961271521522
9.843961271521522
9.844049442396933
9.844049442396933
9.844049442396933
9.844049442396933
9.844049442396933
9.844207516550862
9.844207516550862
9.844253539555064
9.844253539555064
9.844253539555064
9.844253539555064
9.845050535209564
9.845050535209564
9.84507646026372
9.845226407661318
9.845226407661318
9.845239154556857
9.845484228536977
9.845484228536977
9.845587357062856
9.845628957512883
9.845895856222132
9.845895856222132
9.845895856222132
9.846013863170917
9.846370238624539
9.846370238624539
9.846370238624539
9.846402226624699
9.846402226624699
9.846402226624699
9.846675758926414
9.846675758926414
9.846964396683713
9.847050997603505
9.847050997603505
9.847050997603505
9.847050997603505
9.847370996342015
9.847370996342015
9.847479776655744
9.847479776655744
9.847479776655744
9.847479776655744
9.847479776655744
9.847533140597445
9.848191402616347
9.848191402616347
9.848339357439977
9.848344923445094
9.848344923445094
9.848344923445094
9.849002552856877
9.849002552856877
9.849002552856877
9.849002552856877
9.849002552856877
9.849002552856877
9.849059098798474
9.849485124908826
9.849485124908826
9.849485124908826
9.849485124908826
9.849593922992362
9.849763659713503
9.849990436029415
9.850133965105464
9.850405996886773
9.850650919334115
9.850650919334115
9.850650919334115
9.850903597551326
9.850903597551326
9.850908237597373
9.851154955558947
9.851154955558947
9.85130571210715
9.85130571210715
9.85130571210715
9.85130571210715
9.851370886581664
9.851370886581664
9.851370886581664
9.851370886581664
9.851370886581664
9.851370886581664
9.851439385596215
9.851552677052654
9.851552677052654
9.851683927502643
9.851683927502643
9.851683927502643
9.851683927502643
9.851861820479051
9.851861820479051
9.851964798814592
9.851964798814592
9.851964798814592
9.851964798814592
9.851986819500626
9.851986819500626
9.851986819500626
9.851986819500626
9.852002928838136
9.852002928838136
9.852112131908637
9.852112131908637
9.852112131908637
9.852112131908637
9.852112131908637
9.852112131908637
9.852112131908637
9.85212976226748
9.85212976226748
9.85212976226748
9.852826206812415
9.852826206812415
9.852826206812415
9.852826206812415
9.852826206812415
9.852826206812415
9.852826206812415
9.852826206812415
9.852826206812415
9.852826206812415
9.852882136924999
9.85333254745088
9.85333254745088
9.85333254745088
9.853446603471134
9.853905633534193
9.853905633534193
9.853905633534193
9.853905633534193
9.853905633534193
9.853905633534193
9.853905633534193
9.853905633534193
9.854524158359686
9.854524158359686
9.854524158359686
9.854524158359686
9.8545568978246
9.854584810894938
9.854584810894938
9.854584810894938
9.854584810894938
9.854584810894938
9.854584810894938
9.854584810894938
9.854584810894938
9.854584810894938
9.854855196176372
9.854855196176372
9.854973216005298
9.854973216005298
9.854973216005298
9.855074902755407
9.855074902755407
9.855074902755407
9.855074902755407
9.855074902755407
9.855074902755407
9.85512478788445
9.85512478788445
9.85512478788445
9.85512478788445
9.85512478788445
9.85512478788445
9.85512478788445
9.85528844915188
9.85528844915188
9.85528844915188
9.85528844915188
9.85528844915188
9.85528844915188
9.85528844915188
9.85528844915188
9.85651643933181
9.856582185815842
9.856582185815842
9.856794667965133
9.856942797577807
9.856971583443018
9.856971583443018
9.856983984945664
9.856983984945664
9.856983984945664
9.857005607916676
9.857005607916676
9.857292215089133
9.857292215089133
9.857292215089133
9.857292215089133
9.857292215089133
9.857292215089133
9.857292215089133
9.857292215089133
9.857292215089133
9.857292215089133
9.857292215089133
9.857292215089133
9.857292215089133
9.857292215089133
9.857292215089133
9.857292215089133
9.857326629915311
9.857326629915311
9.857326629915311
9.857326629915311
9.857326629915311
9.857326629915311
9.857326629915311
9.857326629915311
9.857326629915311
9.857516637214578
9.857516637214578
9.857516637214578
9.857516637214578
9.857516637214578
9.857516637214578
9.857516637214578
9.857516637214578
9.857516637214578
9.857516637214578
9.857516637214578
9.857516637214578
9.85758300112906
9.85758300112906
9.857959892218148
9.857959892218148
9.857959892218148
9.858009556743891
9.858009556743891
9.858009556743891
9.858009556743891
9.85802634503636
9.858146992342624
9.858146992342624
9.858146992342624
9.858146992342624
9.858146992342624
9.858393265437918
9.858393265437918
9.858393265437918
9.858393265437918
9.858449104922299
9.858449104922299
9.858449104922299
9.858511084686791
9.85859474504657
9.85859474504657
9.85859474504657
9.85859474504657
9.85859474504657
9.85859474504657
9.85859474504657
9.85859474504657
9.85859474504657
9.85859474504657
9.85859474504657
9.85859474504657
9.85859474504657
9.85859474504657
9.85859474504657
9.85859474504657
9.858621715059819
9.858621715059819
9.858621715059819
9.858758918808944
9.858758918808944
9.858758918808944
9.858758918808944
9.858819715323877
9.858819715323877
9.858819715323877
9.858925275162228
9.859163506474705
9.859163506474705
9.859163506474705
9.859163506474705
9.859163506474705
9.85931318802161
9.859418121258088
9.859418121258088
9.859468508365644
9.859468508365644
9.859722692350372
9.859722692350372
9.859793516475323
9.859793516475323
9.859793516475323
9.859793516475323
9.859880507491885
9.859880507491885
9.860236484540549
